

















[57.043610,10.020833]























[53.764599,-2.358000]




















[51.451973,-0.462198]


















[52.314167,4.941945]


[54.493137,18.531214]



[64.317703,-22.059799]


















































[-34.606110,-58.472500]




[53.040375,-1.121119]









[55.185200,-1.550500]





















[53.427601,-7.919130]









[51.503460,0.252892]
























[50.772999,-1.656900]








[51.411999,-3.265000]





















[51.621815,0.403278]


[52.411961,12.503612]




[53.758854,-1.776203]




















[38.752666,-9.184711]












[53.224201,-4.131390]









[50.786987,-0.690233]










[52.076836,-0.266931]


[54.602161,-1.285681]

[52.475555,-1.867778]

[54.599728,-1.281812]








[51.252270,-1.110308]








[53.728569,-2.489206]



























[51.390068,0.021075]




[53.224201,-4.131390]










[-34.635601,-58.364700]








[53.471340,-2.960586]




[52.991657,-0.038094]


[41.162193,-8.642572]

[51.661945,-0.272222]
































[54.638020,-1.692708]


























[51.963673,-0.430173]

[51.875320,0.572956]








[53.604580,-2.845300]







































[52.248878,0.721058]


























































[51.753223,0.451447]

[53.547554,-2.143955]













[51.694397,-0.041660]




















[54.714588,-1.751153]



















[53.282269,-3.699639]


























[50.804562,12.938753]


[51.372139,-0.287179]








[52.507885,-0.716654]


[53.161743,-2.220836]













[53.547600,-0.122754]

[53.547600,-0.122754]


[51.369698,-0.171808]














[51.126862,-0.074791]



[53.087223,-2.435555]


[53.493073,-2.115608]






















[50.792149,-3.641878]














[42.211666,-8.739722]
















[51.364685,1.129911]









[-19.922186,-43.949867]

























































[52.380844,1.097169]







































[51.246861,-0.327202]







[-34.667500,-58.368610]
[52.275452,-1.601606]

[52.445343,-0.829247]


[51.892776,-0.539167]



































[53.616062,-2.434247]
















[51.608021,-0.278511]













[51.426453,-0.533303]













[42.211666,-8.739722]


[52.410259,0.246958]


[51.303493,-0.232947]





























[50.780998,0.305281]







[53.014721,-1.297778]


[53.014721,-1.297778]



[52.073608,-1.954693]




[50.730701,-3.520800]















[40.990002,29.025000]




[51.279919,-0.802039]

[53.604580,-2.845300]


[40.990002,29.025000]
[44.776001,17.199600]












[52.078335,5.145833]
















[50.845467,-1.190228]











[-22.899738,-43.198414]



[51.604267,-0.712164]







[55.646389,12.599167]











[57.612629,-3.615136]












[51.234768,-2.309011]










[50.156044,-5.098597]






[48.248890,16.359722]



[53.588356,-1.292733]

[53.588356,-1.292733]




[52.260277,6.172500]

































[51.037430,-2.265050]













[51.154263,-2.723883]







[54.603054,-5.891389]














[52.565929,1.708294]






[51.374123,0.037397]










[53.558010,-0.485086]

[51.449429,0.322369]




[51.503460,0.252892]





[50.794899,-1.156560]


[53.445507,-1.957953]












[53.877178,-1.719431]

[54.538277,-1.064236]










[51.605587,-0.092769]






[51.935017,1.273433]
















[51.954529,-0.284136]

















[53.991703,-1.514481]











[52.242054,0.114258]












[53.376400,-1.531220]











[51.415474,-0.363294]









[51.758438,-0.016567]

[52.806866,0.016278]


[51.057667,-0.323911]
[51.057667,-0.323911]














[51.601181,-0.476689]






[53.991703,-1.514481]


[52.086403,0.449141]


[51.175556,-0.181389]










[52.453842,-2.057711]



[51.791729,-0.088342]

[51.791729,-0.088342]







[51.408936,-1.513483]






















[51.068321,1.069964]



















[52.256943,5.377222]






[52.983917,-1.300231]






[4.645855,-74.077377]
[6.216667,-75.566666]
[-32.890701,-68.863098]






[52.065025,1.207481]
































[54.950710,-1.458161]




[44.977798,7.616110]




















[52.366798,-0.689332]







[53.081081,-2.250577]















[52.750031,0.407370]








[6.216667,-75.566666]



































































[52.220463,21.040628]





































[50.808060,-0.530039]



[51.403301,-2.349740]




































[52.480743,1.747044]



[52.480743,1.747044]














[53.378464,0.141358]




[50.808060,-0.530039]

































[51.279999,0.515833]




[51.577045,-0.773956]



















[-34.818054,138.696106]


[51.720825,0.694016]









[51.482845,-2.481564]




[51.204014,-3.473317]








[52.617111,-1.726739]












[53.137062,-1.551769]











[53.463055,-2.291389]





[51.401512,-0.368190]


































[47.491024,19.106731]















[54.812820,-1.388950]





















































[51.600800,-0.415700]








































[52.942501,-1.137220]

[55.005295,-1.459086]







[52.997658,-2.214917]

[52.515743,-1.464286]












[50.409973,-5.084381]


[53.145557,-0.755978]

[53.454449,-2.398358]








[52.593838,-1.087586]




















[51.194771,-0.630061]


[51.494926,-0.597114]

[51.587875,0.013522]





[51.476078,-0.266914]


















[53.681530,-1.577536]








[51.245609,-1.264586]





[51.773914,-1.227753]








[53.802422,-2.321342]

















[52.517292,6.121911]
[52.517288,6.121910]

[52.931988,-4.120420]

[51.007290,-0.927431]

















[52.541668,-1.842222]





















[54.242714,-0.778497]














[55.047638,-1.740744]






[53.696491,-1.314047]




[50.728264,-1.984319]









[50.088097,-5.318053]













[54.660934,-2.751175]







[51.302509,-2.495522]






[51.489399,0.264908]





































[52.291237,-0.587314]



[51.219273,-0.170681]


[51.237690,-0.215489]
























[50.891853,0.058361]























[53.591888,-2.189222]


[51.503460,0.252892]













[63.411388,10.402223]


[-23.527678,-46.678322]










[53.329849,-2.751357]
[53.315758,-2.670263]






[-34.545200,-58.449699]





[52.425789,-0.801283]
[52.426949,-0.808047]







[52.052670,-0.016756]



[-34.667500,-58.368610]























[54.568249,-1.160411]














[51.559105,7.062718]






























[53.784763,-1.077278]




















[53.207073,-1.206292]




[51.006310,-2.189797]



[54.633770,-1.650728]






















[51.349022,0.762036]








[53.151340,0.332450]



[53.557251,-2.801690]
















[50.298599,21.435801]






[51.593449,-0.629692]


[53.367809,-2.938808]















[53.283501,-6.373740]




[51.532574,0.738836]






[51.408699,-0.486886]

[52.233002,-0.244931]














[51.538982,-0.354747]


[55.971581,-3.233217]




[51.421967,0.769617]












[53.638504,-2.979183]


















[54.843468,-1.363886]



[46.200012,6.149985]



[54.974518,-1.470097]




















[54.704525,-1.599131]












[52.556702,-1.818660]

[54.704525,-1.599131]




[54.867298,-1.368360]


[53.125801,-1.289390]

























[50.834343,-0.225911]














[50.330723,18.897528]


[50.361401,-4.714490]



[51.016701,-3.085100]






















[53.847500,-1.732990]





[50.909199,-3.490170]











[54.747101,-1.818620]




























[51.301498,-2.210580]



[51.301498,-2.210580]








[53.646301,-2.397260]

[41.326229,19.450001]






[51.144299,0.250892]







[53.310410,-6.228058]

































[51.514099,-0.457703]



















[48.748119,9.185920]















[39.542500,-0.455556]










[55.981499,-4.577940]


[53.296299,-2.940160]

















[35.894901,14.415400]











[52.631100,-1.929560]

































[51.569405,-0.416639]




[51.557598,-0.315861]

[51.289398,-2.481230]


[52.640598,-2.026470]

[-41.273102,174.785995]









[51.600018,-1.141844]








[55.034702,-1.454614]










[50.801601,-1.996680]


[51.469501,-0.622764]








[52.677601,0.180974]


[51.873901,0.970303]





[53.311501,-1.131390]
[53.311531,-1.131390]







[54.708599,-1.690850]







[53.519199,-1.415200]

[51.597401,-0.008996]






[52.031113,8.516945]
[49.438889,8.427305]
































[52.063915,-2.720408]






[51.799702,0.626614]





[51.787300,-1.526730]






















[53.823502,-1.521520]






































[55.156021,-1.708614]

































[52.700901,1.397080]

































[35.894199,14.458300]




























[49.495792,8.489813]















[53.028645,-1.217411]

[50.867077,-0.974139]









[51.239563,5.307286]



















[50.966946,-0.124722]









[51.711750,-1.944542]



[52.352261,-0.545464]

[52.950356,-1.831658]

[52.647202,-0.479444]





































[50.282200,18.944201]



[51.057667,-0.323911]


[51.216370,1.389116]


[51.728607,-0.304644]




[52.085499,1.290960]













































































































[51.532574,0.738836]





[-23.951111,-46.338890]























































[50.392666,18.878361]












































[60.442799,22.291700]















[51.627956,-1.713686]


























[51.517143,-2.652544]


[52.021801,-0.222864]


[52.335426,-2.280725]

[52.923679,-1.539992]




































































[42.476398,1.487670]







[40.325600,-3.714720]











































[51.731388,8.710834]























[60.983101,25.634199]

























[55.006500,-1.568340]

















































[52.196594,0.992653]

[50.919857,-0.150622]














[52.107410,5.148280]





































































[52.682411,0.972481]

[52.342445,0.515025]



























[-34.567390,-58.528168]

























































































































[51.883419,8.513420]

































[54.348610,10.124170]




























































[51.707485,-1.767656]







[-34.635601,-58.364700]


[53.717648,-1.711775]
























[51.071602,-1.310130]

[54.327740,-1.454011]








































[53.562679,-1.188194]











































[55.796902,49.098900]





























































[52.989090,-1.112650]


[52.239285,0.411431]


























































[51.419487,-2.507331]


[53.072731,-2.528419]

[51.812080,-1.428078]

[52.891300,-2.193090]


[55.009800,-1.563710]






























































[50.952293,-1.371769]

















































[52.194099,-1.676360]



















[51.429646,-2.524831]
























[52.030037,-2.432281]

[54.950710,-1.458161]


[52.545399,-2.054210]

[52.339401,0.330219]








































[51.758438,-0.016567]








[26.064167,43.996666]




[51.946476,0.632583]

[50.888000,-3.370160]

[53.719700,-1.800190]


[53.050743,-2.170681]















[52.780201,-1.625210]






























[52.766800,-0.372100]






[50.733986,-0.793300]




[53.657200,-0.598042]

[54.320400,-2.736522]

[53.000134,-0.389783]


























[46.633499,27.733299]
























[51.696110,-0.177500]




[51.399399,-0.412256]








































[52.150734,1.044644]

[54.991867,-1.558761]


[53.779301,-3.015160]

[51.455898,0.169428]




































































[52.839989,0.872631]




[50.533211,-3.604525]





[52.358406,-0.166131]



[53.392136,-2.203383]

















[52.909950,-2.496281]









[52.275562,-0.852317]
[52.255409,-0.908359]










[53.644741,-2.313389]

[51.115299,-0.167744]
































[51.808334,4.908889]





























[53.454449,-2.398358]


[52.065025,1.207481]


[51.723755,-2.369342]

[50.259201,-5.065930]

[50.821400,-0.096144]


























































[53.366398,-1.993108]








[53.923943,-2.188871]








































































[51.600075,-1.657925]

[52.661709,-0.468925]

[50.759220,-1.548189]



[52.330399,-0.082164]

[51.887699,0.844821]

[52.299103,-1.082023]




































[51.306808,0.895503]










[51.906502,0.193947]


[51.964088,6.276180]















[50.306580,18.695950]



























































[53.185829,6.590560]
[52.516941,6.122780]












[52.204399,1.571425]


[53.798855,-1.362328]



[51.391399,-1.242410]






[51.970715,1.355786]






[52.201389,4.443330]

[52.039700,4.297530]




















[52.499699,-0.693350]




















[51.950481,5.513419]

[51.782223,5.948889]






























































[52.209442,5.929167]











[38.344200,27.222200]






[52.456238,1.726517]

[50.407848,-4.147356]


[50.780998,0.305281]



[51.548946,-2.571833]


[51.392681,-0.028764]

[53.120010,-1.115158]



[53.534698,-1.056450]



[50.793446,0.012933]

[51.481533,-2.650689]



































































































[50.893265,-1.338122]

[51.476398,0.179803]

[52.948372,-1.044783]














[53.006954,-1.464869]



[53.263802,-1.354460]


[52.697430,-1.424189]

[52.515522,-2.125686]


[50.815174,-1.060642]


[51.582199,-1.430320]



[50.829823,-0.324164]


[50.865601,-1.862650]

[50.373402,-4.208960]

[51.364685,1.129911]

[51.421684,-0.252058]




[52.686214,-1.979108]


[51.749886,-0.426278]

[51.796799,-0.640203]




































[54.968559,-1.523978]

[51.432987,-0.396586]



[51.202507,-4.115567]

[53.607224,-1.159444]

[53.458126,-1.334542]

[52.032719,-0.503492]








[52.309155,-0.160489]

[51.440327,-0.775603]


















































































[-27.464701,153.009003]
[-27.441900,153.018005]


























[51.532574,0.738836]

[50.778522,-0.732897]

[50.915699,-1.500120]

[51.651646,-0.246821]





[53.454777,-2.166817]

[52.515743,-1.464286]

[51.037430,-2.265050]


[50.825298,-1.372533]

[51.126862,-0.074791]

[52.173500,-1.205960]







[53.444511,-2.261239]

[49.464622,-2.562906]

[51.352123,-2.381561]

[53.104355,-1.118633]










[51.946060,-1.210586]

[54.762390,-1.720825]


[50.863571,-1.329728]

[51.341721,0.547006]



[52.631100,-1.929560]

[53.546398,-2.651310]

[52.038898,0.954294]

[51.957767,1.058956]





















































































[54.117901,-6.263380]









































[51.720825,0.694016]




[51.615685,0.619319]

[52.646000,0.681275]

[50.785240,0.049964]


[51.618065,-0.382033]

[52.896370,-1.256294]


[53.311531,-1.131390]


[51.186474,-2.559367]

[53.585331,-1.473665]

[51.532524,-0.328950]







[51.105000,0.855975]


[51.817074,-1.289989]

[54.943699,-1.680230]

[52.217598,-0.268869]

[51.310299,-0.614774]



[51.088554,-1.169003]

[52.768318,-0.925936]


[52.638756,1.456489]

[51.865700,0.267586]

[51.815811,1.026347]


[51.721916,-2.195898]


[51.773914,-1.227753]






















[48.217979,10.092411]























































































































[53.098888,8.781750]









[47.694344,8.633772]


































































[52.510502,-0.257442]

[53.906952,-1.943401]

[52.593960,-0.254660]


[51.399139,0.467197]

[54.142570,-3.218114]

[51.178829,-0.027224]


[52.636299,-1.057770]


[51.722660,-0.450936]


[52.989090,-1.112650]


[51.403324,-0.227036]

[51.061699,-0.518812]

[51.840000,-2.262230]


[52.868290,-2.275131]


[51.383209,0.293988]

[51.421200,-0.438678]

[50.940365,-2.510003]

[51.459949,-0.427069]









[51.289646,-2.440186]

[52.243965,-1.392578]


[50.861462,0.252419]

[50.832359,-1.777256]


[51.547607,0.111453]

[51.668022,-0.703431]


[51.998665,-1.488361]



[51.438110,-2.490855]

[53.192402,-2.512320]


[53.147263,-1.285947]


[51.211514,-0.806336]

[51.370583,-2.141658]

[53.532051,-2.518042]

[51.892899,-0.539153]

[53.311501,-1.131390]

[53.315758,-2.670263]

[51.589649,-2.102494]

[51.681343,-1.274717]

[53.492004,-2.624231]



[53.416821,-1.191689]


[51.458942,0.170378]

[50.917088,-1.006106]


[53.028454,-2.148572]











[55.403133,-1.699675]































































































































































































































































































































































































































































































































































































































































































































































































































































































































































































































































